(0,799) --> (1458,1599)
(1,799) --> (1459,1599)
(2,799) --> (1460,1599)
(3,799) --> (1461,1599)
(4,799) --> (1462,1599)
(5,799) --> (1463,1599)
(6,799) --> (1464,1599)
(7,799) --> (1465,1599)
(8,799) --> (1466,1599)
(9,799) --> (1467,1599)
(10,799) --> (1468,1599)
(11,799) --> (1469,1599)
(12,799) --> (1470,1599)
(13,799) --> (1471,1599)
(14,799) --> (1472,1599)
(15,799) --> (1473,1599)
(16,799) --> (1474,1599)
(17,799) --> (1475,1599)
(18,799) --> (1476,1599)
(19,799) --> (1477,1599)
(20,799) --> (1478,1599)
(21,799) --> (1479,1599)
(22,799) --> (1480,1599)
(23,799) --> (1481,1599)
(24,799) --> (1482,1599)
(25,799) --> (1483,1599)
(26,799) --> (1484,1599)
(27,799) --> (1485,1599)
(28,799) --> (1486,1599)
(29,799) --> (1487,1599)
(30,799) --> (1488,1599)
(31,799) --> (1489,1599)
(32,799) --> (1490,1599)
(33,799) --> (1491,1599)
(34,799) --> (1492,1599)
(35,799) --> (1493,1599)
(36,799) --> (1494,1599)
(37,799) --> (1495,1599)
(38,799) --> (1496,1599)
(39,799) --> (1497,1599)
(40,799) --> (1498,1599)
(41,799) --> (1499,1599)
(42,799) --> (1500,1599)
(43,799) --> (1501,1599)
(44,799) --> (1502,1599)
(45,799) --> (1503,1599)
(46,799) --> (1504,1599)
(47,799) --> (1505,1599)
(48,799) --> (1506,1599)
(49,799) --> (1507,1599)
(50,799) --> (1508,1599)
(51,799) --> (1509,1599)
(52,799) --> (1510,1599)
(53,799) --> (1511,1599)
(54,799) --> (1512,1599)
(55,799) --> (1513,1599)
(56,799) --> (1514,1599)
(57,799) --> (1515,1599)
(58,799) --> (1516,1599)
(59,799) --> (1517,1599)
(60,799) --> (1518,1599)
(61,799) --> (1519,1599)
(62,799) --> (1520,1599)
(63,799) --> (1521,1599)
(64,799) --> (1522,1599)
(65,799) --> (1523,1599)
(66,799) --> (1524,1599)
(67,799) --> (1525,1599)
(68,799) --> (1526,1599)
(69,799) --> (1527,1599)
(70,799) --> (1528,1599)
(71,799) --> (1529,1599)
(72,799) --> (1530,1599)
(73,799) --> (1531,1599)
(74,799) --> (1532,1599)
(75,799) --> (1533,1599)
(76,799) --> (1534,1599)
(77,799) --> (1535,1599)
(78,799) --> (1536,1599)
(79,799) --> (1537,1599)
(80,799) --> (1538,1599)
(81,799) --> (1539,1599)
(82,799) --> (1540,1599)
(83,799) --> (1541,1599)
(84,799) --> (1542,1599)
(85,799) --> (1543,1599)
(86,799) --> (1544,1599)
(87,799) --> (1545,1599)
(88,799) --> (1546,1599)
(89,799) --> (1547,1599)
(90,799) --> (1548,1599)
(91,799) --> (1549,1599)
(92,799) --> (1550,1599)
(93,799) --> (1551,1599)
(94,799) --> (1552,1599)
(95,799) --> (1553,1599)
(96,799) --> (1554,1599)
(97,799) --> (1555,1599)
(98,799) --> (1556,1599)
(99,799) --> (1557,1599)
(100,799) --> (1558,1599)
(101,799) --> (1559,1599)
(102,799) --> (1560,1599)
(103,799) --> (1561,1599)
(104,799) --> (1562,1599)
(105,799) --> (1563,1599)
(106,799) --> (1564,1599)
(107,799) --> (1565,1599)
(108,799) --> (1566,1599)
(109,799) --> (1567,1599)
(110,799) --> (1568,1599)
(111,799) --> (1569,1599)
(112,799) --> (1570,1599)
(113,799) --> (1571,1599)
(114,799) --> (1572,1599)
(115,799) --> (1573,1599)
(116,799) --> (1574,1599)
(117,799) --> (1575,1599)
(118,799) --> (1576,1599)
(119,799) --> (1577,1599)
(120,799) --> (1578,1599)
(121,799) --> (1579,1599)
(122,799) --> (1580,1599)
(123,799) --> (1581,1599)
(124,799) --> (1582,1599)
(125,799) --> (1583,1599)
(126,799) --> (1584,1599)
(127,799) --> (1585,1599)
(128,799) --> (1586,1599)
(129,799) --> (1587,1599)
(130,799) --> (1588,1599)
(131,799) --> (1589,1599)
(132,799) --> (1590,1599)
(133,799) --> (1591,1599)
(134,799) --> (1592,1599)
(135,799) --> (1593,1599)
(136,799) --> (1594,1599)
(137,799) --> (1595,1599)
(138,799) --> (1596,1599)
(139,799) --> (1597,1599)
(140,799) --> (1598,1599)
(141,799) --> (1599,1599)
(142,799) --> (1600,1599)
(143,799) --> (1601,1599)
(144,799) --> (1602,1599)
(145,799) --> (1603,1599)
(146,799) --> (1604,1599)
(147,799) --> (1605,1599)
(148,799) --> (1606,1599)
(149,799) --> (1607,1599)
(150,799) --> (1608,1599)
(151,799) --> (1609,1599)
(152,799) --> (1610,1599)
(153,799) --> (1611,1599)
(154,799) --> (1612,1599)
(155,799) --> (1613,1599)
(156,799) --> (1614,1599)
(157,799) --> (1615,1599)
(158,799) --> (1616,1599)
(159,799) --> (1617,1599)
(160,799) --> (1618,1599)
(161,799) --> (1619,1599)
(162,799) --> (1620,1599)
(163,799) --> (1621,1599)
(164,799) --> (1622,1599)
(165,799) --> (1623,1599)
(166,799) --> (1624,1599)
(167,799) --> (1625,1599)
(168,799) --> (1626,1599)
(169,799) --> (1627,1599)
(170,799) --> (1628,1599)
(171,799) --> (1629,1599)
(172,799) --> (1630,1599)
(173,799) --> (1631,1599)
(174,799) --> (1632,1599)
(175,799) --> (1633,1599)
(176,799) --> (1634,1599)
(177,799) --> (1635,1599)
(178,799) --> (1636,1599)
(179,799) --> (1637,1599)
(180,799) --> (1638,1599)
(181,799) --> (1639,1599)
(182,799) --> (1640,1599)
(183,799) --> (1641,1599)
(184,799) --> (1642,1599)
(185,799) --> (1643,1599)
(186,799) --> (1644,1599)
(187,799) --> (1645,1599)
(188,799) --> (1646,1599)
(189,799) --> (1647,1599)
(190,799) --> (1648,1599)
(191,799) --> (1649,1599)
(192,799) --> (1650,1599)
(193,799) --> (1651,1599)
(194,799) --> (1652,1599)
(195,799) --> (1653,1599)
(196,799) --> (1654,1599)
(197,799) --> (1655,1599)
(198,799) --> (1656,1599)
(199,799) --> (1657,1599)
(200,799) --> (1658,1599)
(201,799) --> (1659,1599)
(202,799) --> (1660,1599)
(203,799) --> (1661,1599)
(204,799) --> (1662,1599)
(205,799) --> (1663,1599)
(206,799) --> (1664,1599)
(207,799) --> (1665,1599)
(208,799) --> (1666,1599)
(209,799) --> (1667,1599)
(210,799) --> (1668,1599)
(211,799) --> (1669,1599)
(212,799) --> (1670,1599)
(213,799) --> (1671,1599)
(214,799) --> (1672,1599)
(215,799) --> (1673,1599)
(216,799) --> (1674,1599)
(217,799) --> (1675,1599)
(218,799) --> (1676,1599)
(219,799) --> (1677,1599)
(220,799) --> (1678,1599)
(221,799) --> (1679,1599)
(222,799) --> (1680,1599)
(223,799) --> (1681,1599)
(224,799) --> (1682,1599)
(225,799) --> (1683,1599)
(226,799) --> (1684,1599)
(227,799) --> (1685,1599)
(228,799) --> (1686,1599)
(229,799) --> (1687,1599)
(230,799) --> (1688,1599)
(231,799) --> (1689,1599)
(232,799) --> (1690,1599)
(233,799) --> (1691,1599)
(234,799) --> (1692,1599)
(235,799) --> (1693,1599)
(236,799) --> (1694,1599)
(237,799) --> (1695,1599)
(238,799) --> (1696,1599)
(239,799) --> (1697,1599)
(240,799) --> (1698,1599)
(241,799) --> (1699,1599)
(242,799) --> (1700,1599)
(243,799) --> (1701,1599)
(244,799) --> (1702,1599)
(245,799) --> (1703,1599)
(246,799) --> (1704,1599)
(247,799) --> (1705,1599)
(248,799) --> (1706,1599)
(249,799) --> (1707,1599)
(250,799) --> (1708,1599)
(251,799) --> (1709,1599)
(252,799) --> (1710,1599)
(253,799) --> (1711,1599)
(254,799) --> (1712,1599)
(255,799) --> (1713,1599)
(256,799) --> (1714,1599)
(257,799) --> (1715,1599)
(258,799) --> (1716,1599)
(259,799) --> (1717,1599)
(260,799) --> (1718,1599)
(261,799) --> (1719,1599)
(262,799) --> (1720,1599)
(263,799) --> (1721,1599)
(264,799) --> (1722,1599)
(265,799) --> (1723,1599)
(266,799) --> (1724,1599)
(267,799) --> (1725,1599)
(268,799) --> (1726,1599)
(269,799) --> (1727,1599)
(270,799) --> (1728,1599)
(271,799) --> (1729,1599)
(272,799) --> (1730,1599)
(273,799) --> (1731,1599)
(274,799) --> (1732,1599)
(275,799) --> (1733,1599)
(276,799) --> (1734,1599)
(277,799) --> (1735,1599)
(278,799) --> (1736,1599)
(279,799) --> (1737,1599)
(280,799) --> (1738,1599)
(281,799) --> (1739,1599)
(282,799) --> (1740,1599)
(283,799) --> (1741,1599)
(284,799) --> (1742,1599)
(285,799) --> (1743,1599)
(286,799) --> (1744,1599)
(287,799) --> (1745,1599)
(288,799) --> (1746,1599)
(289,799) --> (1747,1599)
(290,799) --> (1748,1599)
(291,799) --> (1749,1599)
(292,799) --> (1750,1599)
(293,799) --> (1751,1599)
(294,799) --> (1752,1599)
(295,799) --> (1753,1599)
(296,799) --> (1754,1599)
(297,799) --> (1755,1599)
(298,799) --> (1756,1599)
(299,799) --> (1757,1599)
(300,799) --> (1758,1599)
(301,799) --> (1759,1599)
(302,799) --> (1760,1599)
(303,799) --> (1761,1599)
(304,799) --> (1762,1599)
(305,799) --> (1763,1599)
(306,799) --> (1764,1599)
(307,799) --> (1765,1599)
(308,799) --> (1766,1599)
(309,799) --> (1767,1599)
(310,799) --> (1768,1599)
(311,799) --> (1769,1599)
(312,799) --> (1770,1599)
(313,799) --> (1771,1599)
(314,799) --> (1772,1599)
(315,799) --> (1773,1599)
(316,799) --> (1774,1599)
(317,799) --> (1775,1599)
(318,799) --> (1776,1599)
(319,799) --> (1777,1599)
(320,799) --> (1778,1599)
(321,799) --> (1779,1599)
(322,799) --> (1780,1599)
(323,799) --> (1781,1599)
(324,799) --> (1782,1599)
(325,799) --> (1783,1599)
(326,799) --> (1784,1599)
(327,799) --> (1785,1599)
(328,799) --> (1786,1599)
(329,799) --> (1787,1599)
(330,799) --> (1788,1599)
(331,799) --> (1789,1599)
(332,799) --> (1790,1599)
(333,799) --> (1791,1599)
(334,799) --> (1792,1599)
(335,799) --> (1793,1599)
(336,799) --> (1794,1599)
(337,799) --> (1795,1599)
(338,799) --> (1796,1599)
(339,799) --> (1797,1599)
(340,799) --> (1798,1599)
(341,799) --> (1799,1599)
(342,799) --> (1800,1599)
(343,799) --> (1801,1599)
(344,799) --> (1802,1599)
(345,799) --> (1803,1599)
(346,799) --> (1804,1599)
(347,799) --> (1805,1599)
(348,799) --> (1806,1599)
(349,799) --> (1807,1599)
(350,799) --> (1808,1599)
(351,799) --> (1809,1599)
(352,799) --> (1810,1599)
(353,799) --> (1811,1599)
(354,799) --> (1812,1599)
(355,799) --> (1813,1599)
(356,799) --> (1814,1599)
(357,799) --> (1815,1599)
(358,799) --> (1816,1599)
(359,799) --> (1817,1599)
(360,799) --> (1818,1599)
(361,799) --> (1819,1599)
(362,799) --> (1820,1599)
(363,799) --> (1821,1599)
(364,799) --> (1822,1599)
(365,799) --> (1823,1599)
(366,799) --> (1824,1599)
(367,799) --> (1825,1599)
(368,799) --> (1826,1599)
(369,799) --> (1827,1599)
(370,799) --> (1828,1599)
(371,799) --> (1829,1599)
(372,799) --> (1830,1599)
(373,799) --> (1831,1599)
(374,799) --> (1832,1599)
(375,799) --> (1833,1599)
(376,799) --> (1834,1599)
(377,799) --> (1835,1599)
(378,799) --> (1836,1599)
(379,799) --> (1837,1599)
(380,799) --> (1838,1599)
(381,799) --> (1839,1599)
(382,799) --> (1840,1599)
(383,799) --> (1841,1599)
(384,799) --> (1842,1599)
(385,799) --> (1843,1599)
(386,799) --> (1844,1599)
(387,799) --> (1845,1599)
(388,799) --> (1846,1599)
(389,799) --> (1847,1599)
(390,799) --> (1848,1599)
(391,799) --> (1849,1599)
(392,799) --> (1850,1599)
(393,799) --> (1851,1599)
(394,799) --> (1852,1599)
(395,799) --> (1853,1599)
(396,799) --> (1854,1599)
(397,799) --> (1855,1599)
(398,799) --> (1856,1599)
(399,799) --> (1857,1599)
(400,799) --> (1858,1599)
(401,799) --> (1859,1599)
(402,799) --> (1860,1599)
(403,799) --> (1861,1599)
(404,799) --> (1862,1599)
(405,799) --> (1863,1599)
(406,799) --> (1864,1599)
(407,799) --> (1865,1599)
(408,799) --> (1866,1599)
(409,799) --> (1867,1599)
(410,799) --> (1868,1599)
(411,799) --> (1869,1599)
(412,799) --> (1870,1599)
(413,799) --> (1871,1599)
(414,799) --> (1872,1599)
(415,799) --> (1873,1599)
(416,799) --> (1874,1599)
(417,799) --> (1875,1599)
(418,799) --> (1876,1599)
(419,799) --> (1877,1599)
(420,799) --> (1878,1599)
(421,799) --> (1879,1599)
(422,799) --> (1880,1599)
(423,799) --> (1881,1599)
(424,799) --> (1882,1599)
(425,799) --> (1883,1599)
(426,799) --> (1884,1599)
(427,799) --> (1885,1599)
(428,799) --> (1886,1599)
(429,799) --> (1887,1599)
(430,799) --> (1888,1599)
(431,799) --> (1889,1599)
(432,799) --> (1890,1599)
(433,799) --> (1891,1599)
(434,799) --> (1892,1599)
(435,799) --> (1893,1599)
(436,799) --> (1894,1599)
(437,799) --> (1895,1599)
(438,799) --> (1896,1599)
(439,799) --> (1897,1599)
(440,799) --> (1898,1599)
(441,799) --> (1899,1599)
(442,799) --> (1900,1599)
(443,799) --> (1901,1599)
(444,799) --> (1902,1599)
(445,799) --> (1903,1599)
(446,799) --> (1904,1599)
(447,799) --> (1905,1599)
(448,799) --> (1906,1599)
(449,799) --> (1907,1599)
(450,799) --> (1908,1599)
(451,799) --> (1909,1599)
(452,799) --> (1910,1599)
(453,799) --> (1911,1599)
(454,799) --> (1912,1599)
(455,799) --> (1913,1599)
(456,799) --> (1914,1599)
(457,799) --> (1915,1599)
(458,799) --> (1916,1599)
(459,799) --> (1917,1599)
(460,799) --> (1918,1599)
(461,799) --> (1919,1599)
(462,799) --> (1920,1599)
(463,799) --> (1921,1599)
(464,799) --> (1922,1599)
(465,799) --> (1923,1599)
(466,799) --> (1924,1599)
(467,799) --> (1925,1599)
(468,799) --> (1926,1599)
(469,799) --> (1927,1599)
(470,799) --> (1928,1599)
(471,799) --> (1929,1599)
(472,799) --> (1930,1599)
(473,799) --> (1931,1599)
(474,799) --> (1932,1599)
(475,799) --> (1933,1599)
(476,799) --> (1934,1599)
(477,799) --> (1935,1599)
(478,799) --> (1936,1599)
(479,799) --> (1937,1599)
(480,799) --> (1938,1599)
(481,799) --> (1939,1599)
(482,799) --> (1940,1599)
(483,799) --> (1941,1599)
(484,799) --> (1942,1599)
(485,799) --> (1943,1599)
(486,799) --> (1944,1599)
(487,799) --> (1945,1599)
(488,799) --> (1946,1599)
(489,799) --> (1947,1599)
(490,799) --> (1948,1599)
(491,799) --> (1949,1599)
(492,799) --> (1950,1599)
(493,799) --> (1951,1599)
(494,799) --> (1952,1599)
(495,799) --> (1953,1599)
(496,799) --> (1954,1599)
(497,799) --> (1955,1599)
(498,799) --> (1956,1599)
(499,799) --> (1957,1599)
(500,799) --> (1958,1599)
(501,799) --> (1959,1599)
(502,799) --> (1960,1599)
(503,799) --> (1961,1599)
(504,799) --> (1962,1599)
(505,799) --> (1963,1599)
(506,799) --> (1964,1599)
(507,799) --> (1965,1599)
(508,799) --> (1966,1599)
(509,799) --> (1967,1599)
(510,799) --> (1968,1599)
(511,799) --> (1969,1599)
(512,799) --> (1970,1599)
(513,799) --> (1971,1599)
(514,799) --> (1972,1599)
(515,799) --> (1973,1599)
(516,799) --> (1974,1599)
(517,799) --> (1975,1599)
(518,799) --> (1976,1599)
(519,799) --> (1977,1599)
(520,799) --> (1978,1599)
(521,799) --> (1979,1599)
(522,799) --> (1980,1599)
(523,799) --> (1981,1599)
(524,799) --> (1982,1599)
(525,799) --> (1983,1599)
(526,799) --> (1984,1599)
(527,799) --> (1985,1599)
(528,799) --> (1986,1599)
(529,799) --> (1987,1599)
(530,799) --> (1988,1599)
(531,799) --> (1989,1599)
(532,799) --> (1990,1599)
(533,799) --> (1991,1599)
(534,799) --> (1992,1599)
(535,799) --> (1993,1599)
(536,799) --> (1994,1599)
(537,799) --> (1995,1599)
(538,799) --> (1996,1599)
(539,799) --> (1997,1599)
(540,799) --> (1998,1599)
(541,799) --> (1999,1599)
(542,799) --> (2000,1599)
(543,799) --> (2001,1599)
(544,799) --> (2002,1599)
(545,799) --> (2003,1599)
(546,799) --> (2004,1599)
(547,799) --> (2005,1599)
(548,799) --> (2006,1599)
(549,799) --> (2007,1599)
(550,799) --> (2008,1599)
(551,799) --> (2009,1599)
(552,799) --> (2010,1599)
(553,799) --> (2011,1599)
(554,799) --> (2012,1599)
(555,799) --> (2013,1599)
(556,799) --> (2014,1599)
(557,799) --> (2015,1599)
(558,799) --> (2016,1599)
(559,799) --> (2017,1599)
(560,799) --> (2018,1599)
(561,799) --> (2019,1599)
(562,799) --> (2020,1599)
(563,799) --> (2021,1599)
(564,799) --> (2022,1599)
(565,799) --> (2023,1599)
(566,799) --> (2024,1599)
(567,799) --> (2025,1599)
(568,799) --> (2026,1599)
(569,799) --> (2027,1599)
(570,799) --> (2028,1599)
(571,799) --> (2029,1599)
(572,799) --> (2030,1599)
(573,799) --> (2031,1599)
(574,799) --> (2032,1599)
(575,799) --> (2033,1599)
(576,799) --> (2034,1599)
(577,799) --> (2035,1599)
(578,799) --> (2036,1599)
(579,799) --> (2037,1599)
(580,799) --> (2038,1599)
(581,799) --> (2039,1599)
(582,799) --> (2040,1599)
(583,799) --> (2041,1599)
(584,799) --> (2042,1599)
(585,799) --> (2043,1599)
(586,799) --> (2044,1599)
(587,799) --> (2045,1599)
(588,799) --> (2046,1599)
(589,799) --> (2047,1599)
(590,799) --> (2048,1599)
(591,799) --> (2049,1599)
(592,799) --> (2050,1599)
(593,799) --> (2051,1599)
(594,799) --> (2052,1599)
(595,799) --> (2053,1599)
(596,799) --> (2054,1599)
(597,799) --> (2055,1599)
(598,799) --> (2056,1599)
(599,799) --> (2057,1599)
(600,799) --> (2058,1599)
(601,799) --> (2059,1599)
(602,799) --> (2060,1599)
(603,799) --> (2061,1599)
(604,799) --> (2062,1599)
(605,799) --> (2063,1599)
(606,799) --> (2064,1599)
(607,799) --> (2065,1599)
(608,799) --> (2066,1599)
(609,799) --> (2067,1599)
(610,799) --> (2068,1599)
(611,799) --> (2069,1599)
(612,799) --> (2070,1599)
(613,799) --> (2071,1599)
(614,799) --> (2072,1599)
(615,799) --> (2073,1599)
(616,799) --> (2074,1599)
(617,799) --> (2075,1599)
(618,799) --> (2076,1599)
(619,799) --> (2077,1599)
(620,799) --> (2078,1599)
(621,799) --> (2079,1599)
(622,799) --> (2080,1599)
(623,799) --> (2081,1599)
(624,799) --> (2082,1599)
(625,799) --> (2083,1599)
(626,799) --> (2084,1599)
(627,799) --> (2085,1599)
(628,799) --> (2086,1599)
(629,799) --> (2087,1599)
(630,799) --> (2088,1599)
(631,799) --> (2089,1599)
(632,799) --> (2090,1599)
(633,799) --> (2091,1599)
(634,799) --> (2092,1599)
(635,799) --> (2093,1599)
(636,799) --> (2094,1599)
(637,799) --> (2095,1599)
(638,799) --> (2096,1599)
(639,799) --> (2097,1599)
(640,799) --> (2098,1599)
(641,799) --> (2099,1599)
(642,799) --> (2100,1599)
(643,799) --> (2101,1599)
(644,799) --> (2102,1599)
(645,799) --> (2103,1599)
(646,799) --> (2104,1599)
(647,799) --> (2105,1599)
(648,799) --> (2106,1599)
(649,799) --> (2107,1599)
(650,799) --> (2108,1599)
(651,799) --> (2109,1599)
(652,799) --> (2110,1599)
(653,799) --> (2111,1599)
(654,799) --> (2112,1599)
(655,799) --> (2113,1599)
(656,799) --> (2114,1599)
(657,799) --> (2115,1599)
(658,799) --> (2116,1599)
(659,799) --> (2117,1599)
(660,799) --> (2118,1599)
(661,799) --> (2119,1599)
(662,799) --> (2120,1599)
(663,799) --> (2121,1599)
(664,799) --> (2122,1599)
(665,799) --> (2123,1599)
(666,799) --> (2124,1599)
(667,799) --> (2125,1599)
(668,799) --> (2126,1599)
(669,799) --> (2127,1599)
(670,799) --> (2128,1599)
(671,799) --> (2129,1599)
(672,799) --> (2130,1599)
(673,799) --> (2131,1599)
(674,799) --> (2132,1599)
(675,799) --> (2133,1599)
(676,799) --> (2134,1599)
(677,799) --> (2135,1599)
(678,799) --> (2136,1599)
(679,799) --> (2137,1599)
(680,799) --> (2138,1599)
(681,799) --> (2139,1599)
(682,799) --> (2140,1599)
(683,799) --> (2141,1599)
(684,799) --> (2142,1599)
(685,799) --> (2143,1599)
(686,799) --> (2144,1599)
(687,799) --> (2145,1599)
(688,799) --> (2146,1599)
(689,799) --> (2147,1599)
(690,799) --> (2148,1599)
(691,799) --> (2149,1599)
(692,799) --> (2150,1599)
(693,799) --> (2151,1599)
(694,799) --> (2152,1599)
(695,799) --> (2153,1599)
(696,799) --> (2154,1599)
(697,799) --> (2155,1599)
(698,799) --> (2156,1599)
(699,799) --> (2157,1599)
(700,799) --> (2158,1599)
(701,799) --> (2159,1599)
(702,799) --> (2160,1599)
(703,799) --> (2161,1599)
(704,799) --> (2162,1599)
(705,799) --> (2163,1599)
(706,799) --> (2164,1599)
(707,799) --> (2165,1599)
(708,799) --> (2166,1599)
(709,799) --> (2167,1599)
(710,799) --> (2168,1599)
(711,799) --> (2169,1599)
(712,799) --> (2170,1599)
(713,799) --> (2171,1599)
(714,799) --> (2172,1599)
(715,799) --> (2173,1599)
(716,799) --> (2174,1599)
(717,799) --> (2175,1599)
(718,799) --> (2176,1599)
(719,799) --> (2177,1599)
(720,799) --> (2178,1599)
(721,799) --> (2179,1599)
(722,799) --> (2180,1599)
(723,799) --> (2181,1599)
(724,799) --> (2182,1599)
(725,799) --> (2183,1599)
(726,799) --> (2184,1599)
(727,799) --> (2185,1599)
(728,799) --> (2186,1599)
